3139 54.7 51.7 0 1.5 53.2 1.5 0 0 0 0
3138 54.8 51.3 0 3.0 54.3 0.5 0 0 0 0
3137 55.0 52.1 0 1.3 53.4 1.6 0 0 0 0
3136 54.7 52.9 0 1.5 54.4 0.3 0 0 0 0
3135 50.8 48.1 0 1.2 49.3 1.5 0 0 0 0
3134 54.8 53.4 0 1.3 54.7 0.1 0 0 0 0
3133 54.7 53.0 0 0.2 53.2 1.5 0 0 0 0
3132 55.0 48.8 0 1.7 50.0 4.5 0 0 0 0
3131 54.9 50.3 0 2.8 53.1 1.8 0 0 0 0
3130 55.0 54.4 0 0.3 54.7 0.3 0 0 0 0
3129 55.0 54.3 0 0.3 54.6 0.4 0 0 0 0
3128 55.0 53.1 0 0.3 19.2 1.4 54.8 0.2 0 0
3127 55.0 54.2 0 0.3 54.5 0.5 0 0 0 0
3126 54.6 54.2 0 0.2 54.4 0.2 0 0 0 0
3125 55.0 54.3 0 0.3 54.6 0.4 0 0 0 0
3124 54.8 54.3 0 0.3 54.6 0.2 0 0 0 0
3123 54.8 54.4 0 0.3 54.7 0.1 0 0 0 0
3122 55.0 53.2 0 0.2 34.2 1.5 54.9 0.1 0 0
3121 54.7 53.0 0 1.4 54.4 0.3 0 0 0 0
3120 54.9 54.5 0 0.1 54.6 0.3 0 0 0 0
3119 55.0 54.6 0 0.2 54.8 0.2 0 0 0 0
3118 54.6 54.4 0 0.1 54.5 0.1 0 0 0 0
3117 54.9 54.6 0 0.1 54.7 0.2 0 0 0 0
3116 54.9 50.9 0 0.4 51.3 3.6 0 0 0 0