3194 55.0 54.5 0 0.4 54.9 0.1 0 0 0 0
3193 54.9 54.4 0 0.2 54.6 0.3 0 0 0 0
3192 55.0 54.5 0 0.3 54.8 0.2 0 0 0 0
3191 54.8 54.6 0 0.1 54.7 0.1 0 0 0 0
3190 54.8 52.8 0 0.2 44.5 1.6 54.6 0.2 0 0
3189 54.8 54.3 0 0.2 54.5 0.3 0 0 0 0
3188 54.8 54.5 0 0.2 54.7 0.1 0 0 0 0
3187 54.7 54.5 0 0.1 54.6 0.1 0 0 0 0
3186 54.9 54.5 0 0.2 54.7 0.2 0 0 0 0
3185 55.0 54.3 0 0.4 54.7 0.3 0 0 0 0
3184 54.8 49.8 0 0.3 50.1 4.7 0 0 0 0
3183 54.9 54.4 0 0.1 54.5 0.4 0 0 0 0
3182 55.1 54.6 0 0.3 54.9 0.2 0 0 0 0
3181 54.7 54.2 0 0.2 54.4 0.3 0 0 0 0
3180 54.8 54.4 0 0.1 54.5 0.3 0 0 0 0
3179 55.0 54.8 0 0.1 54.9 0.1 0 0 0 0
3178 54.7 54.7 0 0.1 54.5 0.2 0 0 0 0
3177 54.9 53.4 0 0.2 14.8 0.9 54.5 0.4 0 0
3176 54.8 54.5 0 0.2 54.7 0.1 0 0 0 0
3175 54.6 54.4 0 0.1 54.5 0.1 0 0 0 0
3174 54.7 54.4 0 0.1 54.5 0.2 0 0 0 0
3173 54.8 54.5 0 0.2 54.7 0.1 0 0 0 0
3172 54.9 54.6 0 0.1 54.7 0.2 0 0 0 0
3171 55.0 53.8 0 0.3 14.3 0.7 54.8 0.2 0 0
3170 54.7 54.4 0 0.1 54.5 0.2 0 0 0 0
3169 55.0 54.2 0 0.2 54.4 0.6 0 0 0 0
3168 54.8 54.4 0 0.2 54.6 0.2 0 0 0 0
3167 55.0 54.5 0 0.2 54.7 0.3 0 0 0 0
3166 56.6 54.2 0 0.1 21.4 2.0 56.3 0.3 0 0
3165 53.3 52.8 0 0.3 53.1 0.2 0 0 0 0
