3225 54.7 53.7 0 0.2 43.8 0.6 54.5 0.2 0 0
3224 54.9 54.4 0 0.3 54.7 0.2 0 0 0 0
3223 54.8 54.6 0 0.1 54.7 0.1 0 0 0 0
3222 55.1 54.6 0 0.2 54.8 0.3 0 0 0 0
3221 54.6 51.2 0 0.2 17.9 2.0 43.1 1.0 54.4 0.2 0 0
3220 54.8 54.5 0 0.1 54.6 0.2 0 0 0 0 0 0
3219 55.0 54.2 0 0.4 54.6 0.4 0 0 0 0 0 0
3218 54.8 54.3 0 0.3 54.6 0.2 0 0 0 0 0 0
3217 54.8 54.4 0 0.2 54.6 0.2 0 0 0 0 0 0
3216 54.6 54.3 0 0.2 54.5 0.1 0 0 0 0 0 0
3215 55.3 55.1 0 0.1 55.4 0.1 0 0 0 0 0 0
3214 54.8 53.2 0 0.1 8.2 1.4 54.7 0.1 0 0 0 0
3213 54.7 54.4 0 0.2 54.6 0.1 0 0 0 0 0 0
3212 54.8 54.5 0 0.1 54.6 0.2 0 0 0 0 0 0
3211 54.6 54.2 0 0.1 54.3 0.3 0 0 0 0 0 0
3210 54.8 54.4 0 0.3 54.7 0.1 0 0 0 0 0 0
3209 54.9 54.6 0 0.1 54.7 0.2 0 0 0 0 0 0
3208 54.9 53.9 0 0.1 13.1 0.8 54.8 0.1 0 0 0 0
3207 54.9 54.6 0 0.1 54.7 0.2 0 0 0 0 0 0
3206 54.7 54.3 0 0.3 54.6 0.1 0 0 0 0 0 0
3205 54.9 54.7 0 0.1 54.8 0.1 0 0 0 0 0 0
3204 55.0 54.5 0 0.4 54.9 0.1 0 0 0 0 0 0
3203 54.8 54.4 0 0.3 54.8 0.1 0 0 0 0 0 0
3202 54.5 53.7 0 0.1 27.9 0.6 54.4 0.1 0 0 0 0
3201 54.8 54.4 0 0.2 54.6 0.2 0 0 0 0 0 0
3200 55.0 54.5 0 0.3 54.8 0.2 0 0 0 0 0 0
3199 55.0 35.5 0 13.6 8.7 5.7 54.8 0.2 0 0 0 0
3198 54.9 54.5 0 0.2 54.7 0.2 0 0 0 0 0 0
3197 55.0 50.1 0 0.2 50.3 4.7 0 0 0 0 0 0
3196 54.5 48.4 0 0.2 28.0 5.7 54.3 0.2 0 0 0 0
3195 55.2 42.3 0 6.7 22.1 6.0 55.0 0.2 0 0 0 0
