3247 54.6 54.3 0 0.2 54.5 0.1 0 0 0 0
3246 55.0 54.6 0 0.2 54.8 0.2 0 0 0 0
3245 55.2 54.6 0 0.3 54.3 0.3 0 0 0 0
3244 54.5 53.7 0 0.1 47.5 0.4 54.2 0.3 0 0
3243 54.9 54.4 0 0.3 54.7 0.2 0 0 0 0
3242 54.8 54.3 0 0.3 54.6 0.2 0 0 0 0
3241 54.4 53.8 0 0.3 54.1 0.3 0 0 0 0
3240 55.2 54.6 0 0.2 54.8 0.4 0 0 0 0
3239 55.1 54.9 0 0.1 55.0 0.1 0 0 0 0
3238 54.6 54.3 0 0.2 54.5 0.1 0 0 0 0
3237 54.5 52.3 0 0.2 9.3 1.5 54.1 0.4 0 0
3236 55.0 54.2 0 0.2 54.4 0.6 0 0 0 0
3235 54.6 54.3 0 0.2 54.5 0.1 0 0 0 0
3234 54.9 54.3 0 0.4 54.7 0.2 0 0 0 0
3233 55.0 54.3 0 0.4 54.7 0.3 0 0 0 0
3232 54.7 54.1 0 0.2 54.3 0.4 0 0 0 0 
3231 55.3 53.4 0 0.5 28.5 1.2 55.1 0.2 0 0
3230 55.0 54.3 0 0.4 54.7 0.3 0 0 0 0
3229 54.7 54.4 0 0.2 54.6 0.1 0 0 0 0
3228 55.0 54.6 0 0.3 54.9 0.1 0 0 0 0
3227 55.0 54.1 0 0.4 54.5 0.5 0 0 0 0
3226 54.8 54.2 0 0.2 54.4 0.4 0 0 0 0
