3274 55.0 54.6 0 0.1 54.7 0.3 0 0 0 0
3273 55.0 53.2 0 0.2 37.7 1.5 54.9 0.1 0 0
3272 54.5 0 0 54.5 0 0 0 0 0 0
3271 55.0 54.1 0 0.5 54.6 0.4 0 0 0 0
3270 55.0 54.3 0 0.5 54.8 0.2 0 0 0 0
3269 55.0 54.1 0 0.5 54.6 0.4 0 0 0 0
3268 54.9 54.4 0 0.2 54.6 0.3 0 0 0 0
3267 55.0 52.6 0 0.3 16.3 1.9 54.8 0.2 0 0
3266 54.8 54.0 0 0.3 54.3 0.5 0 0 0 0
3265 54.7 54.0 0 0.4 54.4 0.3 0 0 0 0
3264 55.0 54.5 0 0.3 54.8 0.2 0 0 0 0
3263 55.0 54.3 0 0.4 54.7 0.3 0 0 0 0
3262 54.8 53.2 0 1.5 53.7 0.1 0 0 0 0
3261 54.8 52.1 0 0.4 30.5 2.2 54.7 0.1 0 0
3260 55.6 53.6 0 0.3 33.2 1.3 55.2 0.4 0 0
3259 55.0 54.5 0 0.3 54.8 0.2 0 0 0 0
3258 54.8 54.4 0 0.1 54.6 0.1 0 0 0 0
3257 55.0 53.1 0 0.5 30.7 1.0 54.6 0.4 0 0
3256 54.6 53.1 0 0.3 7.1 1.0 54.4 0.2 0 0
3255 55.0 54.4 0 0.3 54.7 0.3 0 0 0 0
3254 55.2 54.5 0 0.4 54.9 0.3 0 0 0 0
3253 54.7 54.1 0 0.2 54.3 0.4 0 0 0 0
3252 54.8 54.4 0 0.2 54.6 0.2 0 0 0 0
3251 55.2 54.7 0 0.3 55.0 0.2 0 0 0 0
3250 54.8 51.9 0 0.2 22.6 0.7 52.8 2.0 0 0
3249 55.0 54.5 0 0.3 54.8 0.2 0 0 0 0
3248 54.6 54.4 0 0.1 54.5 0.1 0 0 0 0