3297 55.2 54.0 0 0.5 54.5 0.7 0 0 0 0
3296 5.3 54.6 0 0.6 55.2 0.1 0 0 0 0
3295 54.5 54.4 54.4 0.1 0 0 0 0 0 0
3294 54.9 52.3 0 0.3 52.6 2.3 0 0 0 0
3293 55.0 54.2 0 0.6 54.8 0.2 0 0 0 0
3292 54.8 52.2 0 0.2 20.5 2.3 54.7 0.1 0 0
3291 54.9 54.3 0 0.5 54.8 0.1 0 0 0 0
3290 54.9 54.7 0 0.1 54.8 0.1 0 0 0 0
3289 54.9 54.6 0 0.2 54.8 0.1 0 0 0 0
3288 55.3 54.8 0 0.3 54.1 0.2 0 0 0 0
3287 54.4 0 0 54.4 0 0 0 0 0 0
3286 55.0 53.8 0 0.2 44.7 0.8 54.8 0.2 0 0
3285 55.0 54.4 0 0.4 54.8 0.2 0 0 0 0
3284 54.8 54.5 0 0.2 54.7 0.1 0 0 0 0
3283 54.9 53.1 0 0.1 21.0 1.5 54.7 0.2 0 0
3282 55.0 54.5 0 0.4 54.9 0.1 0 0 0 0
3281 55.0 54.4 0 0.3 54.7 0.3 0 0 0 0
3280 55.0 54.6 0 0.2 54.8 0.2 0 0 0 0
3279 55.1 54.0 0 0.5 15.5 0.5 55.0 0.1 0 0
3278 54.6 54.0 0 0.3 54.3 0.3 0 0 0 0
3277 54.6 54.1 0 0.2 54.3 0.3 0 0 0 0
3276 55.0 54.7 0 0.2 54.9 0.1 0 0 0 0
3275 55.1 54.5 0 0.4 54.9 0.2 0 0 0 0