3328 55.3 52.3 0 3.0 0 0 0 0 0 0
3327 54.9 54.9 0 0 0 0 0 0 0 0
3326 55.2 55.2 0 0 0 0 0 0 0 0
3325 54.5 54.5 0 0 0 0 0 0 0 0
3324 57.5 55.8 55.8 1.7 0 0 0 0 0 0
3323 56.0 51.5 0 4.5 0 0 0 0 0 0
3322 54.9 53.5 27.3 1.4 0 0 0 0 0 0
3321 55.0 55.0 0 0 0 0 0 0 0 0
3320 54.8 54.0 28.2 0.8 0 0 0 0 0 0
3319 54.7 54.7 0 0 0 0 0 0 0 0
3318 55.0 54.9 0 0.1 0 0 0 0 0 0
3317 54.7 50.9 22.1 3.8 0 0 0 0 0 0
3316 54.7 54.7 0 0 0 0 0 0 0 0
3315 54.8 54.7 0 0.1 0 0 0 0 0 0
3314 55.3 55.2 55.2 0.1 0 0 0 0 0 0
3313 54.5 54.5 0 0 0 0 0 0 0 0
3312 55.0 55.0 0 0 0 0 0 0 0 0
3311 54.9 54.4 40.3 0.5 0 0 0 0 0 0
3310 54.6 54.6 0 0 0 0 0 0 0 0
3309 54.9 54.9 0 0 0 0 0 0 0 0
3308 55.0 54.9 0 0.1 0 0 0 0 0 0
3307 55.0 54.9 0 0.1 0 0 0 0 0 0
3306 54.5 54.3 0 0.1 54.4 0.1 0 0 0 0
3305 55.0 54.8 0 0.1 54.9 0.1 0 0 0 0
3304 54.1 50.6 0 0.1 7.3 3.3 54.0 0.1 0 0
3303 55.0 54.5 0 0.4 54.9 0.1 0 0 0 0
3302 55.3 50.0 0 5.2 55.2 0.1 0 0 0 0
3301 54.9 54.7 0 0.1 54.8 0.1 0 0 0 0
3300 54.9 53.8 0 0.2 54.0 0.9 0 0 0 0
3299 55.2 54.8 0 0.4 0 0 0 0 0 0
3298 54.4 53.0 0 0.2 26 0.9 54.1 0.3 0 0 