3343 54.9 54.7 0 0.1 54.8 0.1 0 0 0 0
3342 54.9 54.8 0 0.1 0 0 0 0 0 0
3341 55.0 50.2 0 0.1 12.4 4.7 0 0 0 0
3340 54.7 54.7 0 0 0 0 0 0 0 0
3339 55.0 55.0 0 0 0 0 0 0 0 0
3338 54.9 54.8 54.8 0.1 0 0 0 0 0 0
3337 54.6 54.6 0 0 0 0 0 0 0 0
3336 55.4 55.2 55.2 0.2 0 0 0 0 0 0
3335 54.6 54.6 31.7 0 0 0 0 0 0 0
3334 54.6 54.2 0 0.1 54.3 0.3 0 0 0 0
3333 55.2 54.8 0 0.3 55.1 0.1 0 0 0 0
3332 55.0 52.7 0 0.1 43.5 2.1 54.9 0.1 0 0
3331 54.5 54.3 0 0.1 54.4 0.1 0 0 0 0
3330 55.1 54.8 0 0.2 55.0 0.1 0 0 0 0
3329 56.5 56.2 0 0.1 56.3 0.2 0 0 0 0
