3379 55.0 54.9 0 0.1 0 0 0 0 0 0
3378 54.9 54.8 0 0.1 0 0 0 0 0 0
3377 55.0 55.0 0 0 0 0 0 0 0 0
3376 55.0 53.3 42.3 1.7 0 0 0 0 0 0
3375 55.0 55.0 0 0 0 0 0 0 0 0
3374 55.0 55.0 0 0 0 0 0 0 0 0
3373 54.7 54.7 0 0 0 0 0 0 0 0
3372 54.6 54.6 0 0 0 0 0 0 0 0
3371 55.0 54.4 36.3 0.6 0 0 0 0 0 0
3370 54.7 54.7 0 0 0 0 0 0 0 0
3369 55.0 55.0 0 0 0 0 0 0 0 0
3368 54.9 54.9 0 0 0 0 0 0 0 0
3367 54.8 54.8 0 0 0 0 0 0 0 0
3366 55.0 55.0 0 0 0 0 0 0 0 0
3365 55.0 52.5 52.2 2.5 0 0 0 0 0 0
3364 54.5 52.9 0 1.6 0 0 0 0 0 0
3363 55.4 55.2 55.2 0.2 0 0 0 0 0 0
3362 55.1 55.1 0 0 0 0 0 0 0 0
3361 54.0 53.9 6 0.1 0 0 0 0 0 0
3360 55.4 55.1 0 0.2 55.3 0.1 0 0 0 0
3359 55.2 55.0 0 0.1 55.1 0.1 0 0 0 0
3358 54.5 54.3 0 0.1 54.4 0.1 0 0 0 0
3357 55.1 54.9 0 0.1 55.0 0.1 0 0 0 0
3356 55.1 54.9 0 0.1 55.0 0.1 0 0 0 0
3355 54.5 51.8 0 0.1 30.2 2.0 54.4 0.1 0 0
3354 54.5 53.7 0 0.1 40.5 0.6 54.4 0.1 0 0
3353 55.0 54.7 0 0.1 54.9 0.1 0 0 0 0

