3393 54.6 54.4 7.4 0.1 54.5 0.1 0 0 0 0
3392 54.9 54.8 54.8 0.1 0 0 0 0 0 0
3391 54.7 54.7 0 0 0 0 0 0 0 0
3390 54.7 54.7 0 0 0 0 0 0 0 0
3389 55.0 54.8 0 0.2 0 0 0 0 0 0
3388 55.0 53.8 53.0 1.2 0 0 0 0 0 0
3387 55.9 54.3 0 1.5 55.8 0.1 0 0 0 0
3386 55.2 54.9 0 0.2 55.1 0.1 0 0 0 0
3385 54.5 53.9 0 0.2 54.1 0.4 0 0 0 0
3384 55.0 51.3 0 1.6 52.9 2.1 0 0 0 0
3383 55.0 53.9 0 0.2 40.4 0.7 54.8 0.2 0 0
3382 54.7 53.3 0 0.3 21.4 1.0 54.6 0.1 0 0
3381 55.0 54.8 0 0.1 54.9 0.1 0 0 0 0
3380 55.0 54.7 0 0.1 54.8 0.2 0 0 0 0