3416 54.7 54.7 0 0 0 0 0 0 0 0
3415 55.1 54.7 54.7 0.4 0 0 0 0 0 0
3414 54.9 54.8 54.8 0.1 0 0 0 0 0 0
3413 55.0 54.1 0 0.2 54.3 0.7 0 0 0 0
3412 54.3 48.2 0 6.0 54.2 0.1 0 0 0 0
3411 55.0 54.9 54.9 0.1 0 0 0 0 0 0
3410 54.7 54.5 0 0.1 54.6 0.1 0 0 0 0
3409 54.7 54.5 0 0.1 54.6 0.1 0 0 0 0
3408 55.0 54.8 0 0.1 54.9 0.1 0 0 0 0
3407 54.8 54.6 0 0.1 54.7 0.1 0 0 0 0
3406 54.7 51.2 0 0.3 16.9 3.0 54.5 0.2 0 0
3405 54.9 54.5 0 0.2 54.7 0.2 0 0 0 0
3404 55.0 54.8 0 0.1 54.9 0.1 0 0 0 0
3403 54.6 54.3 0 0.1 54.4 0.2 0 0 0 0

