3435 54.9 54.8 0 0.1 0 0 0 0 0 0
3434 55.1 55.1 0 0 0 0 0 0 0 0
3433 54.8 54.8 0 0 0 0 0 0 0 0
3432 54.9 54.4 0 0.5 0 0 0 0 0 0
3431 55.0 48.2 5.5 6.8 0 0 0 0 0 0
3430 54.9 54.8 54.8 0.1 0 0 0 0 0 0
3429 55.0 54.7 0 0.2 54.9 0.1 0 0 0 0
3428 55.0 55.0 0 0 0 0 0 0 0 0
3427 55.0 55.0 0 0 0 0 0 0 0 0
3426 54.8 54.8 0 0 0 0 0 0 0 0
3425 54.9 54.2 23.5 0.7 0 0 0 0 0 0
3424 54.8 54.5 0 0.2 54.7 0.1 0 0 0 0
3423 54.8 54.8 0 0 0 0 0 0 0 0
3422 55.0 49.9 0 5.1 0 0 0 0 0 0
3421 55.0 45.6 0 9.4 0 0 0 0 0 0
3420 55.0 55.0 0 0 0 0 0 0 0 0
3419 54.9 54.4 41.4 0.5 0 0 0 0 0 0
3418 54.7 54.7 0 0 0 0 0 0 0 0
3417 55.0 54.9 54.9 0.1 0 0 0 0 0 0
